B
1 1 1 1 1 1 1 1
1 1 1 1 1 1 1 2
3 1 2 2 3 1 1 2
3 4 3 3 4 1 4 4
2 3 6 5 4 6 2 3
5 4 5 4 4 5 2 1
3 6 3 3 3 1 7 1
1 1 2 1 1 2 1 1
K
1 1 1 1 1 1 1 1
1 1 1 1 1 1 1 1
1 1 1 1 1 1 1 1
1 1 1 1 1 1 1 1
1 1 1 1 1 1 1 1
3 3 2 3 3 2 2 3
3 4 3 2 1 2 4 4
8 8 9 1 5 1 9 8
N
1 1 1 1 1 1 1 1
1 4 4 4 4 4 4 1
1 2 2 2 3 3 3 1
1 3 5 7 7 5 2 4
2 3 4 7 7 4 3 2
2 3 8 4 4 8 3 2
1 1 1 1 1 1 1 1
1 1 1 1 1 1 1 1
P
9 9 9 9 9 9 9 9
8 8 8 8 8 8 8 8
6 6 6 7 7 6 6 6
4 4 5 6 6 5 4 4
5 5 6 6 7 3 2 2
3 3 3 5 3 2 6 4
6 6 6 3 1 8 8 8
0 0 0 0 0 0 0 0
Q
8 8 8 8 8 8 8 8
8 8 8 8 8 8 9 8
4 5 6 5 5 6 8 7
4 4 5 6 4 5 6 5
2 3 7 5 4 7 8 4
5 4 5 4 4 5 2 4
3 6 3 3 3 1 7 1
3 3 5 5 5 2 1 1
R
8 8 8 8 8 8 8 8
8 8 8 8 8 8 8 8
6 6 6 6 6 6 6 6
3 3 3 3 3 3 3 3
3 3 2 2 2 2 2 2
3 3 3 3 3 3 2 3
4 5 5 5 5 2 1 2
5 6 6 7 7 9 5 5
B
1 1 2 1 1 2 1 1
3 6 3 3 3 1 7 1
5 4 5 4 4 5 2 1
2 3 6 5 4 6 2 3
3 1 2 2 3 1 1 2
3 4 3 3 4 1 4 4
1 1 1 1 1 1 1 2
1 1 1 1 1 1 1 1
K
8 8 9 1 5 1 9 8
3 4 3 2 1 2 4 4
3 3 2 3 3 2 2 3
1 1 1 1 1 1 1 1
1 1 1 1 1 1 1 1
1 1 1 1 1 1 1 1
1 1 1 1 1 1 1 1
1 1 1 1 1 1 1 1
N
1 1 1 1 1 1 1 1
1 1 1 1 1 1 1 1
2 3 8 4 4 8 3 2
2 3 4 7 7 4 3 2
1 3 5 7 7 5 2 4
1 2 2 2 3 3 3 1
1 4 4 4 4 4 4 1
1 1 1 1 1 1 1 1
P
0 0 0 0 0 0 0 0
6 6 6 3 1 8 8 8
3 3 3 5 3 2 6 4
5 5 5 6 7 6 5 5
4 4 5 6 6 5 4 4
6 6 6 7 7 6 6 6
8 8 8 8 8 8 8 8
9 9 9 9 9 9 9 9
Q
3 3 5 5 5 2 1 1
3 6 3 3 3 1 7 1
5 4 5 4 4 5 2 4
2 3 7 5 4 7 8 4
4 4 5 6 4 5 6 5
4 5 6 5 5 6 8 7
8 8 8 8 8 8 9 8
8 8 8 8 8 8 8 8
R
5 6 6 9 7 9 5 5
4 5 5 5 5 2 1 2
3 3 3 3 3 3 2 3
3 3 2 2 2 2 2 2
6 6 6 6 6 6 6 6
3 3 3 3 3 3 3 3
8 8 8 8 8 8 8 8
8 8 8 8 8 8 8 8